1003 8 45 100 30
1004 8 50 137 7
1005 8 55 108 9
1007 9 15 155 8
1001 9 30 113 40
1002 9 50 156 20
1006 10 10 96 50
1007 10 30 155 6
1001 10 45 113 1
1005 10 55 108 30
1002 11 20 156 9
1004 11 35 167 7
1001 11 55 113 40
1009 12 20 119 50
1008 12 30 93 8
1002 13 00 156 20
1001 13 10 113 1
1003 13 15 100 30
1007 13 35 155 6
1001 14 20 113 40
1004 14 20 137 7
1010 14 25 169 9
1002 14 35 156 8
1005 15 25 108 30
1001 15 35 113 1
1002 16 10 156 20
1007 16 40 155 6
1001 16 45 113 40
1004 17 05 137 7
1005 17 35 108 50
1002 17 45 156 9
1003 17 45 100 30
1008 17 55 93 8
1001 18 00 113 1
1001 19 10 113 40
1002 19 30 156 20
1001 19 55 113 30
1007 19 55 155 50
1001 20 35 113 1
1002 20 55 156 9
1001 21 35 113 40
1005 22 00 108 7
1008 22 00 93 8
1002 22 05 156 6
1001 22 20 113 30
1002 23 00 156 20
1009 23 00 119 50
1001 23 10 113 1
1001 24 00 113 40
1009 24 00 156 9
1008 24 05 155 8
1004 24 20 137 7